72,3
72,2
72,1
72,0
71,4
71,3
71,2
71,1
71,0
69,4
69,3
69,2
69,1
69,0
67,4
67,3
67,2
67,1
67,0
65,5
65,4
65,3
65,2
65,1
65,0
62,4
62,3
62,2
62,1
62,0
60,5
60,4
60,3
60,2
60,1
60,0
57,5
57,4
57,3
57,2
57,1
57,0
54,4
54,3
54,2
54,1
54,0
52,3
52,2
52,1
52,0
51,3
51,2
51,1
51,0
50,4
50,3
50,2
50,1
50,0
48,3
48,2
48,1
48,0
47,5
47,4
47,3
47,2
47,1
47,0
46,4
46,3
46,2
46,1
46,0
45,3
45,2
45,1
45,0
44,4
44,3
44,2
44,1
44,0
43,3
43,2
43,1
43,0
4,3
2,3
2,2
2,1
2,0
1,3
0,243
0,9
0,0
0,1
0,300
0,299
0,298
0,297
0,296
0,295
0,294
0,293
0,292
0,291
0,290
0,289
0,288
0,287
0,286
0,285
0,284
0,283
0,282
0,281
0,280
0,279
0,278
0,277
0,276
0,275
0,274
0,273
0,272
0,271
0,270
0,269
0,268
0,267
0,266
0,265
0,264
0,263
0,262
0,261
0,260
0,259
0,258
0,257
0,256
0,255
0,254
0,253
0,252
0,251
0,250
0,249
0,248
0,247
0,246
0,245
0,244
0,242
0,241
0,240
0,239
0,238
0,237
0,236
0,235
0,234
0,233
0,232
0,231
0,230
0,229
0,228
0,227
0,226
0,225
0,224
0,223
0,222
0,221
0,220
0,219
0,218
0,217
0,216
0,215
0,214
0,213
0,212
0,211
0,210
0,209
0,208
0,207
0,206
0,205
0,204
0,203
0,202
0,201
0,200
0,199
0,198
0,197
0,196
0,195
0,194
0,193
0,192
0,63
0,62
0,61
0,60
0,59
0,58
0,57
0,56
0,55
0,54
0,53
0,52
0,51
0,50
0,49
0,48
0,47
0,46
0,45
0,6
0,5
0,304
0,303
0,306
0,305
0,302
0,12
0,10
0,8
0,11
0,4
0,2
0,3
0,7
